1986    307363  159087  148276
1987    314245  163431  150814
1988    343208  178349  164859
1989    313768  163373  150395
1990    337042  176759  160283
1991    320384  168145  152239
1992    321405  168306  153099
1993    325994  169360  156634
1994    323768  168764  155004
1995    326547  169482  157065
1996    324317  168961  155356
1997    324980  169422  155558
1998    268881  140063  128818
1999    284073  148456  135617
2000    307200  160529  146671
2001    257866  134310  123556
2002    246758  129141  117617
2003    227447  119218  108229
2004    217685  114349  103336
2005    206465  107697  98768
2006    205720  107578  98142
2007    203711  106570  97141
2008    196486  102768  93718
2009    192133  99948   92185
2010    166473  86804   79669
2011    198348  102948  95400
2012    234599  121485  113114
2013    194939  101132  93807
2014    211399  109268  102131
2015    213093  110801  102292